45624
31685
87754
85780
39362
34049
90046
60570
102788
67888
87648
37658
95285
85392
92927
89002
54406
83524
51969
58723
64343
49943
62839
73413
39981
34792
56181
40676
56716
53290
54248
64327
54870
31291
50326
49150
44360
51897
43162
43464
84893
64145
72088
38661
44751
44201
57482
56077
55837
74032
41023
47181
39708
27731
42422
42211
31176
39704
35394
40201
44087
38441
36255
63943
111161
52647
28854
33537
52435
46274
79238
30713
43779
64895
33986
60457
57003
48064
55291
56878
42898
76932
50197
67075
52350
32702
52042
45466
66344
50352
42017
66372
47348
50880
70924
66372
47634
43819
50834
44312
28620
37673
66531
117016
51988
115679
82955
53063
37118
55828
63909
101777
39037
64664
95701
74823
134331
142566
81278
109363
123716
121154
145215
78122
108177
130317
56470
96947
95108
120713
61510
68034
41638
113217
75978
89044
147852
86744
69308
74080
112287
64227
110997
71650
72159
72100
101769
94997
69330
110998
116181
81442
104390
64388
127047
109433
142525
81748
59682
67640
171461
88371
115534
93526
69909
50988
92231
63178
93252
67095
182201
74334
118369
72367
74486
109817
114870
95469
110277
81700
41768
55087
64427
103136
110570
41314
92360
51127
92239
107991
34954
84931
29707
36720
26148
33244
134763
71847
47653
132323
52194
122716
40887
40141
74855
67751
42059
44081
40017
44392
50203
39535
23848
36658
71397
37008
46434
50903
24608
34758
26568
80874
91249
103527
41844
40117
56085
71068
116665
117581
38503
52642
43794
115482
68577
72401
51323
61067
74043
35879
107445
129734
110398
102458
182755
84431
41985
32440
68574
46014
57043
57355
80823
105369
58388
45008
67269
58628
40824
96888
67224
39461
60573
63232
38976
47126
35198
50187
43942
36486
59507
115151
38610
52318
51259
28285
31268
38913
53372
38739
35477
77142
81699
29031
39995
54829
54631
52196
49152
46976
49299
61389
56469
35221
39016
70433
61984
61898
51763
53295
109714
151712
133725
132200
114317
29314
48026
51507
44446
42613
56325
39219
53100
33443
22641
47920
40083
32421
78509
61547
78815
48043
39010
118028
34758
88251
31362
57673
76170
74436
36325
45169
57868
46328
24692
36157
46873
40780
50868
38371
40701
37333
28664
33404
52447
51645
52071
48876
35319
90258
32116
36395
49862
62558
10870
67501
45935
44571
51211
57784
49091
50913
20549
27648
29200
22440
31506
27843
29745
30795
57683
55729
43640
49750
58492
42746
69481
61696
61631
56114
59364
64084
50182
86897
61533
59593
34771
37653
47116
62205
87325
48185
106390
60116
57352
95002
60100
55213
62405
43593
39004
90931
25559
48005
67987
93392
74498
58569
51888
42449
47095
48659
34178
36007
44911
43117
47157
53991
49598
29092
63386
33687
58845
50724
53789
71322
67739
50283
47783
31570
41528
30858
37226
35066
102843
59302
52652
44611
45554
38659
33438
50548
55708
59762
86502
79838
51444
53031
42903
45477
51356
48839
57844
52469
49523
25709
28323
62618
19199
17294
96092
31115
74383
135067
61200
56583
65372
26772
22771
42443
29283
63740
24027
57715
48912
26810
58993
118848
51192
61264
29899
67832
81512
54433
57269
68281
94322
41069
98241
74133
119169
118848
55591
53962
40817
64827
58084
61579
52906
51937
46989
59881
43410
60364
51256
40157
64250
61950
90614
55862
63199
53786
56921
45607
36307
62334
72566
60087
55036
56432
51718
26282
42515
108967
52529
55948
75288
111225
96573
52786
27938
44566
29732
23710
63761
61642
41878
39634
38962
46640
38126
76877
58070
54651
45212
64071
62839
48071
64109
57503
56967
57894
46121
42683
51443
43262
43813
43074
61089
65142
49408
36378
49610
44955
60916
48493
40032
45145
67441
58481
75416
37266
59595
52328
51035
65600
64560
58643
44651
56085
69983
16637
64392
49400
54008
51568
72140
59490
10664
39229
39445
30712
45840
49201
44557
63917
25285
52932
33878
61760
58518
26341
70809
69449
72685
48747
82241
59920
54092
34264
39563
37446
46105
83932
62426
61951
71351
44483
90260
67792
52402
34237
46588
33244
72576
50462
64442
42500
75945
61920
31040
46210
81638
53354
79863
96897
40892
55472
43450
79678
62943
45204
59328
56553
58944
80996
53481
47476
61030
29865
33904
41584
75089
32402
37231
42243
75640
50816
35758
47968
44581
45984
49402
70834
68478
61540
71598
46144
68240
57742
34477
50390
66828
46096
45822
75778
55352
103377
75718
80273
86929
83125
90135
82225
94008
74286
84173
62051
80317
122101
79443
65283
69121
83458
123455
83543
89702
90414
59523
69607
89098
80593
72451
67035
98409
103921
84546
120644
77036
74078
74440
76203
82063
60115
59713
60751
72675
59608
74050
74017
52661
73969
41655
59243
35773
60830
26952
26529
44164
50098
43106
48952
47221
34486
47593
71885
109362
29338
37515
37893
59323
51063
49774
45438
91201
72418
72718
70615
74945
79969
67354
60218
71870
53110
73613
69469
126496
61195
81275
72368
80495
25280
45060
89654
74440
70438
52850
43237
46275
96019
40658
62040
62796
71929
49073
83625
92971
87958
44068
30779
67588
52703
38516
35917
30630
55788
33751
53221
51438
50678
51550
47720
78795
62003
61039
38332
50042
38800
45637
48063
43470
40348
62673
63741
42660
34200
22000
23028
32299
16760
24066
43745
55207
58591
45633
47947
46331
49043
43525
53939
94392
65303
131357
60677
153704
64474
59744
76599
60643
83555
123445
67290
41663
79303
54351
81831
58568
31961
58924
41893
56141
48511
49519
65019
69102
62521
70223
58724
65273
60401
55222
64944
72378
38906
58223
44210
42865
84015
56841
57135
81862
86706
86092
65464
57721
44995
50187
43994
48515
29627
54014
51416
88063
41592
55213
71945
64435
44579
46941
54998
38551
57953
44475
57386
53392
54456
43662
39780
56458
40118
36398
36894
69615
52977
83445
45062
50279
66770
52952
34177
36335
50193
51840
33970
42720
33967
69015
46069
60113
50628
60278
42225
45532
60344
64317
59150
44141
41507
31004
35477
51661
41115
35492
42525
76894
80720
68004
76040
60348
91058
48017
46979
106328
79800
100162
78965
68800
75934
63963
72292
75748
64462
43296
33328
88941
81011
97006
65417
57426
43863
41459
38687
43762
60239
33252
44660
38470
57557
23670
48150
35178
40951
54911
44145
42203
50850
63718
45875
42212
62569
36705
74514
40088
36877
35168
66062
36046
53180
46139
67878
44990
50774
68252
69763
83974
62479
90800
47811
45985
11997
58246
85845
36838
94383
65739
56108
80765
63444
39707
31490
44583
62751
45457
40979
56777
42802
47314
50357
97312
77636
43324
37945
68334
41315
28404
30379
