275
230
249
206
199
165
153
513
247
323
241
251
194
237
245
243
376
275
177
159
244
181
219
189
135
135
239
228
299
148
149
135
182
226
252
197
263
225
217
284
181
228
201
158
139
288
236
268
230
203
188
238
247
235
241
253
206
183
221
196
230
175
285
219
297
242
260
189
245
188
273
159
279
206
258
199
204
223
178
257
214
230
174
226
235
184
216
240
357
291
242
285
296
92
103
126
194
256
75
232
104
165
203
99
166
220
239
244
363
324
287
293
304
273
326
315
314
194
245
215
232
309
278
357
187
214
30
198
266
320
260
279
187
200
239
90
83
164
169
316
249
101
142
125
239
247
90
125
54
222
51
133
78
215
343
367
207
338
258
156
238
111
206
283
270
204
262
250
295
145
179
241
217
267
236
190
200
249
322
253
262
181
319
282
290
323
236
353
253
220
266
168
186
212
333
293
246
326
332
260
184
239
318
238
215
106
190
172
146
169
235
159
174
234
318
188
247
323
301
298
317
228
318
277
212
243
262
317
234
240
223
245
157
187
187
162
171
197
193
189
198
200
140
280
296
271
336
255
876
230
459
263
195
217
287
256
320
174
518
219
175
286
352
351
312
276
375
172
189
174
275
232
290
227
306
285
211
224
330
225
472
241
298
223
190
330
148
213
291
164
176
225
121
216
206
198
99
138
159
247
216
175
246
174
248
195
157
231
223
242
243
196
151
190
237
261
242
213
244
135
243
234
186
246
135
317
159
212
230
216
265
318
201
332
236
183
217
221
241
280
252
240
243
231
246
192
246
165
155
201
198
253
413
219
279
279
203
251
266
255
204
181
232
257
245
190
142
203
149
203
166
148
176
192
153
150
231
438
410
224
155
203
257
309
228
225
137
284
244
165
286
284
222
122
537
173
189
159
278
243
252
246
276
183
208
244
214
255
239
195
243
277
244
207
114
236
216
328
226
188
242
276
242
584
263
382
174
204
259
217
219
225
243
274
227
232
239
242
254
247
237
266
235
281
203
333
309
266
295
275
279
242
196
537
173
159
276
255
195
215
188
219
189
204
208
209
244
241
350
276
202
223
259
182
216
190
267
269
208
243
210
259
253
241
187
189
181
197
210
155
195
186
211
289
155
181
206
247
176
284
291
91
220
486
231
162
429
141
130
182
123
645
242
271
163
202
261
328
283
161
241
176
117
227
165
121
318
222
228
325
265
48
502
574
227
175
223
300
127
211
205
190
182
244
199
242
121
224
208
192
159
145
146
179
202
187
85
245
131
192
312
406
204
211
163
163
197
331
297
303
162
178
175
242
266
299
215
289
167
230
275
175
255
212
284
358
192
258
276
205
275
427
338
259
242
202
157
314
165
161
322
263
115
245
128
155
232
375
660
512
146
294
273
241
342
203
257
247
602
337
304
191
244
267
238
235
197
289
199
198
302
383
191
436
276
303
175
142
286
294
199
132
200
321
270
205
340
162
256
247
281
221
315
64
498
236
261
314
127
219
506
402
383
172
336
388
147
185
161
142
254
367
302
98
113
474
371
236
177
344
195
84
275
143
139
154
304
211
155
110
288
181
228
244
205
239
254
166
162
148
265
169
306
235
267
247
289
210
309
152
151
266
267
270
238
243
234
120
298
236
236
230
251
203
313
273
237
267
267
172
272
277
269
291
233
280
257
262
199
200
207
234
167
102
95
150
175
141
158
194
201
146
123
128
158
178
222
137
147
166
138
181
240
247
348
253
204
325
291
268
350
265
316
287
347
279
136
293
245
100
206
232
287
192
246
220
261
293
139
296
299
339
286
372
338
325
339
209
187
593
339
199
209
307
302
256
248
296
276
302
259
269
338
400
195
239
257
370
248
310
205
328
260
187
222
236
255
248
285
254
224
304
269
289
228
245
276
251
272
217
215
237
255
251
237
244
228
268
324
184
417
486
326
218
155
205
274
267
348
284
347
334
308
242
106
234
233
197
249
235
134
186
107
202
220
167
207
253
208
203
187
186
213
133
233
274
210
170
128
95
251
303
180
174
272
219
145
184
71
243
147
122
351
186
172
149
152
189
124
156
181
170
202
125
217
164
177
172
191
190
174
126
127
187
151
171
237
266
250
254
236
250
253
261
259
224
208
260
238
240
293
270
215
177
150
73
102
63
209
287
184
241
184
284
243
298
340
235
389
204
358
281
179
131
228
248
207
212
284
294
257
177
29
301
261
260
244
182
318
222
269
203
199
323
294
270
432
260
217
169
182
148
249
317
301
131
122
72
142
185
341
147
152
159
205
228
38
213
150
178
170
227
203
194
232
196
268
226
302
245
209
202
195
154
309
331
331
189
309
153
146
69
178
219
151
109
42
90
270
63
261
153
84
209
112
210
118
243
123
60
153
183
181
191
209
214
229
228
202
203
211
216
216
151
248
166
146
197
240
201
289
155
210
211
184
186
63
250
187
195
237
189
151
249
244
227
228
274
267
212
269
488
170
161
157
63
92
90
52
102
208
122
168
154
227
156
138
133
127
110
165
74
186
152
111
141
101
241
319
177
208
194
284
195
146
259
143
144
216
241
256
170
235
164
171
167
232
150
258
236
180
206
155
137
137
142
185
160
228
297
281
183
57
309
190
210
277
187
236
275
204
231
174
227
261
194
256
321
266
276
160
168
161
150
157
151
163
151
176
146
148
143
170
146
145
161
167
142
141
147
191
185
298
236
217
223
266
225
336
231
277
209
183
223
174
41
242
167
89
143
107
112
68
299
250
95
98
81
120
227
209
110
249
138
161
137
174
222
148
204
227
216
149
245
127
201
205
168
163
213
220
207
212
165
203
238
271
260
250
173
274
322
92
335
279
265
322
92
342
88
206
212
152
323
194
306
289
186
215
195
274
180
336
213
268
199
141
212
178
193
271
196
334
311
186
243
285
190
357
177
231
234
272
67
285
215
199
283
46
273
332
362
242
190
191
185
217
108
336
219
223
291
240
270
274
252
195
239
137
303
265
170
102
270
144
104
241
275
236
139
72
206
177
152
159
201
254
243
183
139
195
244
181
239
251
219
248
206
195
158
288
183
139
208
144
216
684
153
128
175
180
206
192
179
128
243
291
317
246
242
376
210
275
207
219
246
280
602
324
302
240
357
219
250
287
294
142
324
417
189
180
255
320
339
298
250
161
270
462
361
301
175
238
364
294
193
288
250
202
365
513
263
165
190
257
276
147
153
275
230
249
206
199
206
202
250
187
254
270
110
199
234
228
199
235
242
258
213
233
163
485
232
366
326
221
157
259
231
210
245
303
455
243
272
324
213
270
185
205
235
185
124
208
221
216
182
216
212
187
230
229
202
197
222
284
216
222
192
198
199
226
214
187
227
200
213
222
159
214
227
207
294
176
263
196
189
205
238
224
221
192
197
193
186
183
204
217
190
281
199
285
187
164
198
243
234
209
208
212
208
358
202
223
191
178
210
191
234
219
202
207
230
198
197
193
189
230
265
206
228
211
221
256
169
187
244
178
324
235
227
194
209
238
203
200
190
214
272
241
392
247
247
221
325
286
303
188
275
318
271
220
167
204
143
101
308
284
350
161
191
186
291
296
272
163
286
264
284
245
266
172
81
206
341
367
294
243
211
263
170
251
186
234
253
260
185
258
230
186
318
212
276
172
233
185
213
248
284
140
202
183
111
221
158
207
163
186
156
449
224
236
214
295
354
273
292
291
242
193
246
202
244
267
317
254
289
280
255
243
395
242
371
185
212
266
171
239
287
302
214
285
253
122
273
250
260
317
291
389
96
92
206
194
289
312
177
196
287
208
157
294
215
228
224
244
263
236
284
238
242
183
132
251
248
268
107
264
309
248
341
300
235
300
231
289
291
311
221
270
225
264
191
268
280
170
277
228
256
240
209
240
180
177
188
212
264
244
320
119
253
246
313
253
283
295
226
251
308
264
287
231
328
421
343
171
244
305
371
281
273
211
279
285
240
102
30
256
280
214
206
264
231
233
254
268
264
93
245
260
264
279
287
236
236
279
127
371
270
164
276
412
304
272
379
295
52
229
346
294
300
270
230
189
242
253
208
225
275
169
330
189
266
212
210
208
225
127
270
202
167
261
210
250
221
232
178
289
211
294
278
233
220
269
258
225
208
127
202
286
278
198
190
99
153
98
158
270
381
346
211
209
245
318
358
222
299
346
417
332
292
337
281
216
293
221
240
375
417
258
272
182
214
279
209
198
428
243
264
284
180
187
193
168
286
359
192
409
316
146
265
228
242
290
247
265
263
216
265
249
323
253
267
231
206
234
204
270
373
292
218
174
276
212
269
250
245
244
291
239
247
273
239
142
284
157
281
239
203
336
184
211
242
330
253
251
246
272
373
439
214
224
266
253
275
279
230
309
240
193
214
288
314
172
297
226
220
260
264
265
216
156
225
201
306
233
241
284
235
181
239
327
124
206
244
211
248
276
286
312
299
381
350
252
153
109
232
306
212
336
141
288
198
329
245
287
374
182
260
242
302
316
279
255
208
277
334
274
158
216
194
