377.47
132.35
151.39
2554.47
2565.48
2587.00
2593.48
4353.97
2584.43
2536.00
472.20
2571.80
2544.67
511.49
110.99
2589.72
323.13
359.86
2560.80
4501.88
5418.89
5065.71
2577.53
2577.74
2566.32
129.85
121.07
129.43
2568.08
2747.43
2561.53
432.26
2576.16
2580.99
2550.15
4501.88
193.84
207.63
210.13
2596.08
201.60
2589.72
235.50
274.46
2719.57
5065.71
4302.24
2728.86
2741.86
2732.57
2704.71
2740.00
2734.43
2743.58
2719.57
2751.15
2745.48
2680.56
2691.70
2745.57
2745.57
2686.13
2647.12
2747.43
4731.58
4863.42
5418.89
5067.53
109.27
76.81
59.87
72.20
258.73
230.20
86.87
67.94
16.80
47.74
86.24
45.42
58.05
404.13
19.07
204.85
135.20
258.07
217.20
16.35
178.61
57.54
50.73
487.07
323.20
84.07
81.50
36.20
310.87
4961.69
4905.00
193.61
461.60
126.87
88.14
73.80
170.39
73.53
87.26
46.60
78.16
286.35
111.32
159.29
178.24
120.70
59.81
46.16
88.98
158.92
158.50
45.74
375.14
21.53
67.52
89.81
150.93
89.58
49.83
432.36
45.53
89.91
191.38
247.13
206.05
375.27
150.07
77.73
246.92
58.07
249.20
103.00
259.04
70.59
154.93
44.95
219.93
52.11
73.93
85.68
67.15
85.40
197.46
45.47
54.47
47.09
146.13
47.53
85.53
17.40
47.74
56.80
48.67
421.87
45.53
46.13
335.20
125.40
28.28
112.80
173.50
460.45
385.59
595.55
496.44
421.07
46.35
632.93
603.67
423.53
574.37
4272.67
4710.26
622.67
555.00
4395.73
485.30
421.67
572.93
4228.60
564.38
529.60
595.96
947.37
210.13
708.53
476.24
789.25
651.69
374.96
558.25
431.98
642.17
481.86
598.70
388.01
564.15
452.84
570.00
758.22
2577.04
658.84
341.53
623.32
382.43
308.31
261.78
347.05
2554.85
476.98
595.50
754.56
622.53
816.74
602.70
945.10
733.33
820.22
561.92
947.37
634.83
628.80
564.38
631.26
562.94
483.21
138.48
756.23
497.79
754.00
781.03
457.11
841.40
687.91
595.96
653.46
534.06
934.09
911.43
548.55
598.66
789.25
611.80
890.62
592.34
945.52
860.02
500.58
601.95
952.30
536.47
564.90
787.06
530.67
916.17
858.16
540.79
761.24
775.59
505.87
667.62
678.72
604.09
687.87
655.59
741.09
569.31
728.04
723.63
975.28
662.70
733.24
637.62
679.04
918.16
621.92
784.04
711.74
717.36
617.09
876.51
823.57
646.35
774.52
628.52
627.50
759.66
1087.95
759.48
1090.59
750.93
765.42
777.96
765.75
568.94
720.89
756.09
813.40
775.64
822.03
802.06
815.95
787.81
763.66
900.10
572.93
609.99
756.27
1306.17
591.32
703.15
572.37
636.92
681.83
611.52
657.08
567.82
675.84
643.33
665.11
603.16
609.06
573.39
584.40
701.01
585.61
759.71
575.62
657.87
672.31
619.97
647.88
529.60
577.67
543.44
645.89
595.92
724.00
572.37
773.09
551.66
719.59
601.49
853.75
670.45
708.53
694.97
603.16
671.94
717.08
587.00
788.60
534.29
697.76
657.54
683.08
534.29
668.87
619.37
543.67
689.17
594.80
647.51
633.53
603.39
617.23
621.46
654.48
669.52
628.89
634.60
573.39
649.74
581.06
619.00
681.55
719.17
663.44
718.19
615.75
679.04
683.32
679.79
641.80
653.50
656.38
656.10
653.08
606.18
667.62
448.80
656.24
792.64
588.58
726.92
552.40
603.30
597.03
2572.72
725.34
2583.31
741.74
764.87
2584.98
2573.00
2581.27
2575.84
2576.40
2583.92
2592.14
2591.86
2591.81
2587.13
2576.21
2591.11
2567.85
2594.09
2590.70
2583.27
2603.24
523.10
466.72
566.61
572.56
485.99
413.04
536.94
581.98
511.49
527.84
480.10
519.43
535.03
484.79
474.89
573.53
514.28
403.38
434.12
512.09
497.65
484.18
499.60
513.53
528.81
359.86
551.20
597.73
499.83
386.53
335.76
513.53
486.46
337.25
317.14
324.48
356.84
270.70
374.07
318.86
323.13
270.09
328.01
307.76
201.08
269.96
261.83
243.30
284.40
260.16
220.78
276.18
187.67
219.80
153.39
205.96
276.46
202.80
230.11
132.26
205.31
198.44
137.88
310.13
224.35
284.96
207.59
219.71
179.63
227.69
166.91
187.34
176.20
182.14
246.50
218.82
220.93
221.13
214.13
259.83
228.60
238.20
259.97
255.47
224.40
250.54
219.93
219.61
473.83
203.50
415.82
493.75
486.23
450.47
466.91
472.20
421.67
491.01
442.71
429.06
452.14
421.30
448.93
499.83
445.45
464.86
465.89
478.98
459.34
445.64
446.24
462.22
463.84
470.90
487.02
427.25
387.45
444.57
481.12
491.01
502.76
458.87
438.58
427.01
445.17
465.47
438.35
470.53
462.96
431.66
461.52
435.98
427.71
399.20
426.36
427.99
431.01
441.88
437.79
427.11
432.54
421.58
434.72
424.04
435.84
428.73
430.92
420.79
422.84
421.86
434.82
2583.64
2587.07
2571.98
2563.53
2605.79
2560.93
2577.04
2536.00
2554.01
2563.93
2592.14
2547.18
2587.68
2571.01
2556.33
2567.85
4353.97
4422.98
4500.77
4677.47
2593.16
2553.22
2566.55
2566.46
2584.15
2560.51
2570.96
2568.08
2560.79
2570.22
2582.94
2551.22
2549.69
2593.58
2584.43
2556.93
2600.96
2593.48
2586.75
2566.13
2561.76
2576.25
4599.80
2559.91
2586.61
2535.53
2587.00
2544.67
2556.80
2577.65
2560.80
2478.31
2566.08
2571.01
2584.20
2543.87
2595.57
2588.14
2567.94
2587.86
2592.18
2600.60
2566.41
2540.36
2577.65
2564.04
2557.31
2575.09
2574.35
2592.51
2542.54
2568.27
2590.98
2591.53
2601.70
2576.25
2566.46
2562.97
2578.44
2550.53
2557.49
2592.88
2569.61
2565.48
2568.31
2730.71
5567.12
70.31
60.37
65.39
64.92
67.24
59.91
65.43
132.63
57.17
65.43
70.31
79.32
65.39
59.44
59.91
60.37
67.24
76.25
68.50
69.15
62.04
70.31
64.92
70.64
78.95
2544.67
67.24
2554.47
57.17
2536.00
2584.43
2587.00
2565.48
4501.88
5065.71
4961.69
4395.73
4422.98
4677.47
79.32
5418.89
2560.80
4813.59
4354.40
4353.97
2571.80
2589.72
323.13
2593.48
2565.48
2568.08
2559.91
2576.25
2543.93
2568.31
359.86
2577.74
4353.97
4422.98
4500.77
4677.47
5065.71
4905.00
2577.04
2554.85
2584.98
2572.72
2583.31
2573.00
193.84
81.50
36.20
193.61
310.87
73.80
461.60
126.87
88.14
59.87
109.27
76.81
258.73
72.20
230.20
86.87
16.80
67.94
47.74
86.24
58.05
45.42
404.13
19.07
204.85
135.20
258.07
217.20
178.61
16.35
50.73
57.54
323.20
487.07
84.07
46.60
87.26
78.16
73.53
170.39
111.32
286.35
120.70
178.24
159.29
88.98
158.92
158.50
59.81
46.16
45.74
375.14
150.93
89.81
21.53
67.52
89.58
49.83
45.53
432.36
247.13
206.05
77.73
375.27
89.91
150.07
191.38
249.20
103.00
259.04
70.59
154.93
44.95
246.92
58.07
45.47
52.11
73.93
85.68
67.15
85.40
197.46
219.93
54.47
146.13
47.53
85.53
17.40
47.09
47.74
48.67
56.80
125.40
45.53
46.13
335.20
421.87
28.28
112.80
173.50
46.35
496.44
595.55
421.07
632.93
460.45
603.67
385.59
485.30
622.67
555.00
423.53
574.37
374.96
558.25
476.24
651.69
431.98
642.17
481.86
598.70
388.01
564.15
570.00
452.84
466.72
572.56
413.04
536.94
523.10
566.61
485.99
474.89
581.98
484.79
511.49
527.84
519.43
535.03
480.10
573.53
434.12
512.09
497.65
484.18
499.60
403.38
514.28
499.83
551.20
513.53
528.81
513.53
486.46
597.73
386.53
359.86
335.76
337.25
356.84
317.14
324.48
374.07
270.70
318.86
323.13
328.01
270.09
307.76
243.30
284.40
220.78
276.18
269.96
260.16
261.83
201.08
219.80
202.80
230.11
153.39
187.67
276.46
205.96
132.26
198.44
137.88
310.13
205.31
224.35
219.71
207.59
284.96
187.34
227.69
179.63
166.91
176.20
182.14
2581.27
2575.84
2576.40
2591.81
2583.92
2592.14
2591.86
2576.21
2587.13
2583.27
2591.11
2567.85
2594.09
2590.70
2603.24
4354.40
20.06
267.22
40.77
4495.12
441.13
170.16
119.91
5232.47
5643.26
4113.53
4813.59
2589.72
5067.53
5418.89
4863.42
4302.24
4731.58
4395.73
4272.67
4710.26
4228.60
4961.69
4599.80
4501.88
2577.53
2557.31
2564.04
2566.41
2575.09
2574.35
2542.54
2568.27
2590.98
2591.53
2592.51
2601.70
2576.25
2566.46
2562.97
2578.44
2550.53
2557.49
2592.88
2569.61
2593.16
2553.22
2566.55
2566.46
2584.15
2747.43
2730.71
5567.12
2723.28
2616.75
1057.76
2697.14
2712.14
2706.56
2719.57
1022.65
960.52
677.60
2797.59
939.01
809.96
1806.47
2513.73
2655.80
2751.15
2701.67
2680.27
2652.27
2632.87
2656.80
2712.14
2790.66
2608.16
2713.99
2728.86
2681.53
2682.42
2649.33
2668.33
2730.71
2668.53
22.89
21.18
20.06
21.27
21.07
21.18
21.27
2569.01
21.22
2633.05
2634.72
2603.84
2691.10
2614.01
21.33
2637.00
980.76
678.81
1090.64
1397.93
722.98
1082.28
810.33
2747.50
1032.36
2697.14
182.60
110.81
632.14
86.38
695.58
1035.56
730.78
97.11
406.02
192.45
511.67
392.42
889.09
2489.93
617.79
729.52
934.37
871.35
601.72
1038.02
834.76
543.21
739.42
216.83
840.75
656.75
914.31
1148.27
122.97
181.91
918.02
727.57
900.89
770.25
1526.25
271.72
1149.99
708.21
217.90
714.76
710.67
952.16
866.57
996.69
318.76
791.94
911.71
776.34
526.49
1045.46
662.93
726.00
1077.27
968.74
849.39
990.24
2031.37
1423.06
1100.21
1047.92
1391.94
1116.00
1086.42
798.72
1057.76
1171.68
1085.39
634.53
1020.93
743.13
997.39
1231.45
1369.23
1001.94
1174.65
1006.21
1191.09
1309.37
1094.87
1103.92
1129.88
708.53
1034.31
1505.44
504.40
1085.16
2616.94
2612.01
2615.50
2608.72
2616.75
2613.31
2652.46
2616.52
2616.98
2617.68
2671.32
2617.12
2618.19
2615.82
2614.89
2616.29
2679.07
2618.28
2485.51
2617.45
2723.28
2656.27
2687.90
2732.57
2628.55
2643.22
2725.14
2728.86
2596.97
2721.43
2710.23
2728.86
2650.84
2704.71
2645.08
2596.78
2648.98
2678.80
2713.99
2661.98
2706.56
2548.67
2738.14
2700.99
2721.43
2494.80
2713.99
2706.56
2741.86
2745.57
2669.23
2730.71
2725.14
2661.98
2691.52
2728.86
2741.86
2732.57
2743.58
2691.70
2704.71
2740.00
2719.57
2745.57
2745.57
2686.13
2745.48
2647.12
2747.43
2615.36
2647.47
5567.12
2680.56
2734.43
2719.57
2751.15
2560.51
2570.96
2568.08
2560.79
2570.22
2582.94
2551.22
2549.69
2593.58
2584.43
2556.93
2600.96
2593.48
2586.75
2566.13
2561.76
2566.32
2580.99
2550.15
2596.08
2576.16
